# Created by Octave 4.2.1, Tue Apr 17 23:20:42 2018 GMT <unknown@unknown>
# name: x
# type: matrix
# rows: 5
# columns: 1
 2.34749498997996
 4.354308617234468
 -2.390781563126252
 -1.768336673346694
 2.338677354709419


