# name: x
# type: matrix
# rows: 5
# columns: 1
0.1
0.3
0.4
0.6
0.7

# name: y
# type: matrix
# rows: 5
# columns: 1
0.3162
0.5477
0.6325
0.7746
0.8367

# name: z
# type: scalar
0.2
