# Created by Octave 4.2.1, Fri Mar 23 00:29:44 2018 GMT <unknown@unknown>
# name: x
# type: matrix
# rows: 3
# columns: 1
 -11
 -4
 5


