# Created by Octave 4.2.1, Thu Mar 22 23:24:07 2018 GMT <unknown@unknown>
# name: x
# type: matrix
# rows: 4
# columns: 1
 -3
 0
 2
 4


